Before sep
[ 7.728161   -0.05327416  4.0549    ]
[7.867694 0.424958 4.097615]
[7.9880466 0.907073  4.1531157]
[8.084083  1.3524405 4.359089 ]
[8.231915  1.8300859 4.358643 ]
[8.415751 2.287249 4.273753]
[8.596374  2.7462664 4.1920285]
[8.77758   3.2059677 4.115617 ]
[8.952907  3.6730604 4.0826783]
[9.133367 4.139295 4.074958]
[9.31896   4.6035457 4.0800796]
[9.50814  5.06598  4.099209]
[9.703143  5.5254107 4.1291595]
[9.910093 5.978456 4.172995]
[10.133861   6.422607   4.2245517]
[10.373415   6.8586073  4.274726 ]
[10.628899   7.2863517  4.316715 ]
[10.898846   7.7058616  4.350479 ]
[11.178918   8.119154   4.3778477]
[11.454788  8.535422  4.402665]
[11.725857   8.954796   4.4281197]
[11.992026  9.377089  4.456803]
[12.248335   9.805064   4.4906063]
[12.494562 10.238818  4.525681]
[12.729203 10.679062  4.55929 ]
[12.951817 11.124879  4.600399]
[13.191634 11.563115  4.621291]
[13.420452 12.006885  4.647961]
[13.653617  12.448306   4.6759133]
[13.864937  12.898769   4.7251716]
[14.079535  13.348575   4.7654567]
[14.298383  13.7975025  4.789321 ]
[14.528139  14.241482   4.7990394]
[14.77255  14.677644  4.793943]
[15.005183  15.120195   4.7993746]
[15.2540245 15.553326   4.777559 ]
[15.511189 15.98113   4.748404]
[15.774032 16.404852  4.711341]
[16.03861   16.826458   4.6639433]
[16.292904 17.254366  4.61673 ]
[16.541727  17.684145   4.5586224]
After sep
[ 7.728161   -0.05327416  4.0549    ]
[7.9981556  0.95395374 4.174797  ]
[8.2706175 1.9263308 4.3407717]
[8.653597  2.891435  4.1678987]
[9.02889   3.8693697 4.0794277]
[9.418529  4.846932  4.0901475]
[9.833848  5.8115444 4.156845 ]
[10.310374   6.7438703  4.2615223]
[10.856222   7.6396227  4.345148 ]
[11.4402685  8.513514   4.401359 ]
[12.005516  9.399613  4.458582]
[12.5316105 10.30833    4.5309877]
[13.014926 11.240203  4.605897]
[13.506354  12.169513   4.6582594]
[13.966588 13.111835  4.744254]
[14.431399 14.054542  4.794947]
[14.93172   14.980441   4.7976594]
[15.457049 15.891065  4.754542]
[16.01076   16.782078   4.6689324]
[16.541727  17.684145   4.5586224]
